-9.469415182500284800e-02 -5.834152569444777114e-01 1.750081751168657274e-01
-3.772838970204951403e-01 3.974088245943259157e-01 5.513113505606681564e-02
-7.135833951158310207e-02 -4.607166210742861256e-01 2.693634914496179089e-01
3.186354297025828508e-01 -4.206866557695315700e-01 7.715771828515756159e-01
-2.208402290050334171e-01 -3.908294186915450275e-01 -5.210809292127061010e-01
4.869897893771413244e-01 -1.423540075999953913e-01 1.980082398838861613e-01
7.545662586131394178e-01 1.105119165122827596e-01 1.330483785643150174e+00
1.041018257796175295e+00 1.013793292793899070e+00 8.491801363495375954e-01
1.455217548995403565e+00 1.393869022763224885e+00 1.363175713619575458e+00
1.291788651816229816e+00 1.006810482756207659e+00 8.683061148665695006e-01
9.405553834295969917e-01 1.243807652651935269e+00 8.479854980902138406e-01
1.156054521675126789e+00 9.847293621416529641e-01 1.466169850097126970e+00
8.207288006905122391e-01 1.256900451007249231e+00 1.147701658090088506e+00
8.016783808758913832e-01 4.917769426182954096e-01 7.040759231730230328e-01
7.308700205704312669e-01 7.147634502946131896e-02 9.401836359938779974e-01
7.690519085084563944e-01 9.319557517182502915e-01 5.871619374652993217e-01
9.005269812210864311e-01 4.901003028892159108e-01 4.692328054829675299e-01
1.604810512534792233e-01 8.746191331307628936e-01 7.501552973133590596e-01
7.031703911188271761e-01 1.463270265761594802e-01 1.558257717581782442e-01
8.367748476883185571e-01 2.300448650218904767e-01 5.909171022633449288e-01
7.320396716506682999e-02 7.543133105390971149e-01 3.872413966561623067e-01
-1.296310491203481741e-01 -9.754170876447321170e-02 7.878680614356661227e-01
1.012535435618799884e-02 1.027200783822076469e-01 3.076284719123867362e-01
-6.660185321556346683e-01 1.991933082419340417e-01 3.001244792600148426e-01
-6.714741605633496313e-01 6.957116891076822185e-01 -2.857240602661936801e-02
-2.061890412374637327e-01 -2.016964149959332708e-02 -3.765495414697353493e-01
6.450700893412328885e-01 5.227236042583582876e-01 1.076801089887212015e+00
1.306293193244086437e+00 1.056920370396247533e+00 1.060373018576345583e+00
1.169258815230214132e+00 1.142619079569019203e+00 1.355490277155505741e+00
8.840956332919820415e-01 1.176406187675524517e+00 9.121428439016430190e-01
8.645130728910036533e-01 1.445585014224537446e+00 9.809525934890794829e-01
1.156975844349185101e+00 9.349025867140690060e-01 1.181088467823888877e+00
1.413580641245883118e+00 9.268902834859775730e-01 1.467243924028351687e+00
9.382362956063776682e-01 6.250754047320785656e-01 3.720532472083496467e-01
6.142873751053230524e-01 4.584050037853926174e-02 9.269398153560990394e-01
3.900604528011204497e-01 1.918786852195449866e-01 8.856525573867255474e-01
4.374821892192252148e-01 8.226552790514090052e-01 6.490340975029829096e-02
8.754280873640207794e-02 7.987753981950649340e-01 8.317167857085078220e-01
3.426077614513700631e-01 1.872354478537688882e-01 6.770003278912356537e-01
7.163705037335639236e-01 1.727140602521005652e-01 9.288406079488820133e-02
5.010246736938392953e-01 -3.738816277862468951e-01 -1.599752121499147250e-01
5.816615323927289971e-01 -2.346447824848606478e-01 4.701506554700711771e-01
-5.374173916085860370e-01 5.789853380103087144e-01 5.896752849583204448e-01
-7.817188571813835640e-01 1.610670334764059408e-01 3.421132277598004645e-01
-4.143761148210185485e-01 -5.491488203388703582e-01 7.175649281384712808e-01
6.793187185272084871e-01 4.103697740738070365e-01 5.956658211053607044e-01
2.124929228548266824e-02 -5.822771538039636097e-01 8.476018911879082962e-01
9.534628006694976232e-01 1.123011961310969475e+00 1.034601269207262364e+00
1.077509170978829811e+00 1.035953441144871645e+00 1.278877307466534941e+00
8.327221390704490078e-01 1.381041505734143859e+00 1.000550879846388908e+00
8.971905204128755029e-01 1.260037212597537426e+00 1.412540175063441428e+00
1.249224019511512296e+00 9.842001716138175649e-01 9.671073053055443403e-01
1.309210717045938166e+00 8.587726195268197138e-01 1.202400965817189693e+00
1.267911470857902678e+00 7.788339765745924126e-01 4.895774063541935561e-01
3.819136679854207017e-02 5.836817841994287326e-01 1.038391211183898877e-01
7.050688104213996832e-01 5.478356459075457430e-01 5.565721055627087521e-01
8.036561821466899902e-01 5.663348336179110376e-01 7.694594803920173920e-02
7.295652493179569653e-01 1.867934266969285551e-01 4.491990155816510955e-01
6.359001506042968321e-01 6.468286522994063370e-01 9.818249499846154471e-02
8.715625662843536903e-01 5.141874599905357224e-01 3.481715836699118549e-01
-3.198957085821490520e-01 7.619326913517421307e-02 -3.148809459194149563e-01
2.571286955716565181e-01 7.674400551251039371e-01 5.413077022728791654e-01
3.560296529799222842e-02 -4.477313801881857569e-01 5.047571156062244935e-01
7.976516894141219005e-01 -4.734190525887703171e-01 5.426857878126691848e-01
-5.704506024760148675e-01 -1.839092729086762024e-01 -5.536663853023150450e-01
-1.156559907597642933e-02 -5.798037093253344265e-01 -3.486672977622689018e-01
1.885748770333184332e-02 -3.348983740192052472e-01 8.811314902878811806e-01
1.403966348096862937e+00 1.342611939517180497e+00 1.140805228040387753e+00
1.377999753719726161e+00 1.193278979251038319e+00 8.487040636537031002e-01
1.406247522586014931e+00 1.043980609889069378e+00 1.158073125222881972e+00
1.065066300242301756e+00 1.387477705693127117e+00 9.535365548245677836e-01
1.361780782883017071e+00 8.756164497086855736e-01 1.068419587507179358e+00
1.080541109157289625e+00 1.337936732170364795e+00 1.432146280515740777e+00
1.049359334486763329e+00 8.585974573075976224e-01 1.571797893847340921e-01
8.506525697320991286e-01 7.264636570104286983e-01 8.652309821420400837e-02
8.492479049596352025e-01 8.617539765926696127e-02 6.900521493894932190e-01
3.690520211847972964e-01 3.093766943633524669e-02 5.846423776734447353e-01
6.582623501520850073e-01 5.354278131914380623e-02 4.043136482171117985e-01
4.550135764215624823e-01 2.955510511217701586e-01 9.927422453195178242e-02
4.889227091148683479e-01 2.486955166111771698e-01 9.271654951617932516e-01
7.810663559767938580e-02 6.517074797853046331e-01 -3.123101650971391030e-01
4.540179507092980682e-01 4.374339701700304950e-01 6.163290844153916925e-01
3.425244451442621685e-02 5.747726047475580913e-01 -5.420412782749477465e-01
-5.977698569238563131e-01 -7.300931172687828985e-01 -5.577752960521806802e-01
-1.367340149256403015e-01 -7.015332902846813656e-01 4.656601279483123523e-01
-5.241176998997314485e-01 -3.279820957925889124e-01 -4.518665597103954656e-01
3.999275141281561918e-01 5.428192350214442463e-01 8.234568015861982726e-01
8.534010956948093751e-01 1.131188312556175912e+00 1.390899953024054225e+00
1.093040591845862552e+00 1.278920036129151061e+00 9.554803081156227895e-01
1.135994278217254738e+00 1.466146691716277317e+00 9.686562488678509553e-01
1.278148931164834856e+00 1.194474739503043281e+00 9.729290470506083421e-01
1.357608413934457303e+00 1.441660802956407528e+00 8.917824019326865415e-01
9.140854506709744642e-01 8.893897293179241492e-01 1.037138391690359596e+00
9.772053437387788755e-01 2.060222782951459664e-01 3.994849559455431187e-01
1.993285017924505409e-01 7.363819181384592127e-01 6.592515889744394730e-01
8.417896887027157549e-01 4.612988454037045827e-01 3.653228064307345591e-02
3.620952215477961644e-01 4.932446784404920237e-01 8.102547764627647808e-01
9.318666742587352614e-01 1.851446990262624048e-01 8.345813164837767584e-02
6.338244899642375696e-02 1.239213621173095303e-01 7.875985187119607378e-01
8.800408920723975514e-01 4.748379285074957323e-01 7.496172552552272661e-01
5.121983718443900990e-01 2.985256611894784307e-01 -4.376997860832759213e-01
5.346361725012167554e-01 9.349687992999755615e-02 -8.866115736024959837e-02
-1.331146713851693031e-01 -6.842783391214354305e-01 -7.707944265825420471e-01
2.450809049260749273e-01 4.076901670249444276e-01 6.744683084471652101e-01
6.792266478138768715e-01 -3.082652878901877003e-01 1.853906743880715524e-01
-2.641739719776164952e-01 -3.727551855782280654e-01 5.943426737839485607e-02
5.421243019076364966e-01 -2.304868635086020356e-01 1.025793763933575464e+00
1.349304544944538664e+00 9.110033348685623311e-01 1.112820787388551835e+00
1.102215134953957731e+00 1.229986157480696063e+00 8.309203355887082587e-01
1.092736137899601667e+00 1.143743098534697911e+00 1.204514117789951211e+00
1.281959207279162571e+00 9.221246779141124561e-01 1.260186636135785410e+00
1.053077762606503320e+00 1.271251854508770318e+00 1.474335126735821344e+00
1.188102836047387534e+00 1.065112553872656687e+00 8.080363407481586657e-01
1.057184125927405738e+00 8.202210254245824173e-01 1.819107144601230797e-01
9.513256778692386062e-01 1.455172396064374762e-02 3.474396376779916862e-01
2.785038979175737950e-01 4.075055602062349625e-01 1.180768044830770025e-01
2.037888901912772166e-01 2.814717869023775076e-02 8.973118300573915684e-01
6.924819128018990799e-01 8.136146904342418384e-01 1.815564060901954102e-01
1.031047254261663326e-02 6.975030438552781709e-01 8.262591244857574457e-01
3.873542893638384221e-01 1.864471332218672339e-01 6.192827496355010064e-01
1.816961705980135733e-01 3.072353855473914930e-01 -4.384575664166616704e-01
4.552326678735745258e-01 -2.854394545043671405e-01 -5.953349775848956194e-01
-6.197946588827802916e-01 2.595265306298322194e-02 7.380904922328952456e-01
-5.762037548651988139e-02 -6.676594458836033752e-01 7.667744198239991871e-01
-6.782917040219654803e-01 7.125748937974241137e-02 -2.701203912082267289e-01
-3.966398804657485511e-01 -1.926345581452837408e-01 -1.335371124753079730e-01
-7.777556227500957986e-01 1.527220404947732257e-01 1.457121688153074857e+00
1.047231684439551058e+00 9.432802370488713173e-01 8.517749028754972862e-01
9.092183882542406170e-01 1.308084982728827672e+00 8.987090539847448767e-01
1.462105859330112168e+00 1.451550690338278660e+00 1.255459082913260804e+00
1.028574193232674405e+00 8.819473444850810528e-01 1.176285670110529757e+00
1.293084280468120184e+00 8.156545212990272686e-01 1.306050397934768181e+00
8.783338014181472087e-01 8.395141702251781579e-01 1.287920705219218753e+00
8.103578395125669021e-01 1.107027522170135336e-01 3.760964944405020827e-02
3.996548657443177444e-02 9.833000720126021665e-01 8.601265040689357599e-01
6.268689508648462860e-01 8.868583012846743552e-01 7.359764822122734085e-01
3.853402199659017313e-01 9.816459680359851392e-01 6.294521510892714389e-01
8.803055162265904787e-02 5.874097552383062970e-01 2.781090777217932741e-01
5.160196068062610220e-01 2.094599646697072881e-01 3.363111011209637402e-01
6.979403808807349563e-02 3.740074775906325755e-01 2.359755391476225928e-01
5.065829153221101944e-01 -2.539788052936877705e-01 4.312572411532051841e-01
2.249017752665956049e-01 2.575802105056506086e-01 -6.302189914122003911e-01
-8.684160645897454067e-02 -6.519943707462625415e-01 5.462710413890756733e-01
-5.526809926638365233e-02 4.301015514495121206e-01 4.404439673553042223e-01
3.333826563670705401e-01 6.828066248691060380e-01 5.190347380250133202e-01
6.821393786417446758e-01 -3.487534977380454260e-01 -5.066589023018461813e-01
7.354468166724537070e-01 1.464660320377657587e-01 1.099535823772745058e+00
1.181007818229439010e+00 1.199355910976205530e+00 1.289159227801531582e+00
1.072642184508460828e+00 8.162955971055687598e-01 9.662310006888905622e-01
1.045252317971595346e+00 1.248343470197800897e+00 9.530852325975560646e-01
9.465494111363832452e-01 8.844031222172973328e-01 1.411673981048276350e+00
1.306349887118099851e+00 1.070766926830700738e+00 9.771446936434957653e-01
8.489409295819403400e-01 8.289010598459999324e-01 1.321932931514024245e+00
9.393609553745385643e-01 8.044233862021628045e-01 8.866623371508774998e-02
5.642312063650845033e-02 4.576777225367749669e-01 1.633838606150639361e-02
8.062264079049629162e-01 6.459708763185934011e-01 7.852967962170291916e-01
6.063416706783131271e-02 6.952955286977958727e-01 3.381090927168378668e-01
3.626963227265852518e-01 5.508650989208913051e-01 6.538545724995636910e-02
9.298385908499003927e-01 5.241778624184968427e-01 8.994659483306604031e-01
2.006870044379532869e-01 3.632671514594033590e-01 9.664848926201053958e-01
1.581883159791293014e-01 -6.539912150590920792e-02 -6.050800167704670773e-01
3.527405373231695673e-02 -4.796434532774029869e-02 1.943728016781927082e-01
2.239707173227372117e-01 -6.513061483976724242e-01 6.517227709806394653e-01
4.125394511484941074e-01 -7.708456115964509303e-01 1.588772967339531217e-01
4.888529643553434223e-01 2.339054989509095073e-01 -3.232965418990376705e-01
-7.236419607471438198e-01 3.962947613608709396e-01 -8.160965043897761007e-02
3.252028145874248377e-01 -3.858310756547187470e-01 1.073739255956892347e+00
1.298719557919683298e+00 1.476334640426213207e+00 1.454575081145384807e+00
1.009492378269402746e+00 1.328003805568744866e+00 1.186967655115731990e+00
1.133620880193111802e+00 1.344431063621447153e+00 1.242519572819108742e+00
9.979252154877307213e-01 1.210453502864886177e+00 1.103572065272152347e+00
8.059088918152487180e-01 8.796558347611274087e-01 1.138065175557052777e+00
9.004207488466495768e-01 1.296511887682771258e+00 8.588786195491804332e-01
1.183709469743596587e+00 7.091993677930483742e-01 2.864735283998433024e-01
1.664717440518799219e-01 3.162372241537276807e-01 6.661333892095888665e-01
4.220406680459827253e-01 8.388727643647903021e-01 3.840365926577493649e-01
7.399670591508721307e-01 6.364851867308319866e-01 4.103159611958451247e-02
8.322174127625423523e-01 5.795665820263568024e-01 6.472341195218275223e-01
1.273717903933915263e-01 9.315618689071046843e-01 3.489549143632184602e-01
1.915175766401369106e-01 4.216857338496949881e-01 2.085453058857886788e-01
-3.249312851031712635e-01 2.241845915170297410e-01 -4.772441294212296237e-01
3.164334706499705163e-01 -5.228023365447773685e-01 1.227769493621511110e-02
-2.762482860226844750e-04 -3.635099158754681037e-01 -2.773984583750355171e-01
-4.703403709567233193e-03 -2.466655819172147712e-02 1.415169527338223654e-01
-2.279177712405463518e-01 3.359597632408450885e-02 7.562408483187386121e-01
7.593205942444289924e-01 -3.219031951950119819e-01 -5.388291992682889830e-01
-1.750913372118501066e-02 -9.408682060850137585e-02 1.278052135034656978e+00
1.359167164005060879e+00 1.222350657885901803e+00 8.554590019369573417e-01
1.324310309236389926e+00 9.820526664896279678e-01 9.812446887557016995e-01
8.552519217856230371e-01 1.277714944514952489e+00 1.031284947298281018e+00
1.358195006096214907e+00 1.438689138605184548e+00 1.046094799111081164e+00
9.587390282371270889e-01 1.352643017826057781e+00 9.428112120753593395e-01
1.128565125922664336e+00 9.821640979261353488e-01 8.635784584349922577e-01
1.237825003258049339e+00 4.391074798989565986e-01 5.327172062823438692e-01
5.058170653845597275e-01 4.505716368981893538e-01 3.764923703129421373e-01
2.642545547037222775e-02 9.883745060152787643e-01 8.184312181563058175e-01
3.351462169942214242e-01 4.825928945994132357e-01 8.355243255236695088e-01
2.776111070716603679e-01 5.197985377458026468e-01 1.317824436958825451e-02
1.860911078974990529e-01 6.298062378526376737e-01 6.613784403309442839e-01
1.428866494044218616e-01 7.477998561611025607e-01 3.524391050954276405e-01
4.694966380792586769e-01 6.093622554626743071e-01 -6.263086635827246340e-01
3.561927661273167622e-01 2.929303790536672558e-01 6.684587901729448500e-01
-7.717889735667150530e-01 6.258568300065419088e-01 -3.244188397120684186e-02
3.830778073561760255e-01 1.968673765371340423e-01 7.652271558853784850e-02
-1.671576705430084520e-01 2.717163004959721739e-01 -3.612892163250741584e-01
-7.586321183904642940e-01 -4.570189428807109877e-01 -7.856663421076910403e-01
2.995003049448199395e-01 -7.574521878322596491e-01 1.029425833014773195e+00
1.160983959526347586e+00 1.200578247458746528e+00 1.341893919792963130e+00
1.430559413390512624e+00 1.346397463125188487e+00 1.173111956162500080e+00
1.093998333550367352e+00 1.027901801971203621e+00 1.188019580057477098e+00
1.167424109220060569e+00 1.016802734588727830e+00 8.347576384342071387e-01
1.187307624286230379e+00 1.326843488908842517e+00 1.268783193075629256e+00
1.155667500770183098e+00 1.060159170540305729e+00 1.435940021970394831e+00
1.111561462184408100e+00 4.814755305901822213e-01 9.769188247729705399e-01
8.584085457701451372e-01 6.942712366489004472e-01 3.905854769993225561e-01
8.961696784655636128e-01 8.096811763419887731e-01 5.921311097508570320e-01
1.115636247181349683e-01 9.360216439494003504e-01 7.483259069049171819e-01
9.049529209755748926e-01 8.212024013831760172e-01 1.081905483722649386e-01
6.832052757405581156e-01 4.105507962890846407e-01 3.479004296870472634e-01
8.837483746863039613e-01 5.759470467473881694e-02 7.653952034558980655e-01
-7.069667621742626862e-01 6.867820200993237645e-01 7.168550194689540245e-01
-1.636757071057992619e-02 -5.127167093944633436e-01 6.961224276255630894e-01
6.873693358692127831e-01 -7.128716941173695032e-01 1.999059086007175523e-01
-3.703542530384583142e-01 -7.430217531181604329e-01 2.312767213391615506e-01
3.478351045571073108e-01 -7.010276272191866553e-01 -4.300990869241658743e-01
6.711762085665267108e-01 6.048312254961984991e-02 -6.008249128517431092e-01
4.583309303470584073e-02 4.113629944046539588e-01 1.129835526571100202e+00
8.955610447556130449e-01 1.290538891147135603e+00 9.856671320192531560e-01
9.984046240236246206e-01 1.067305530843297046e+00 9.339954474634797332e-01
1.481532882326773271e+00 1.061052716832363796e+00 1.036325933802851207e+00
1.248218062291451602e+00 1.286357843638546550e+00 1.134331276841992642e+00
1.312779612701183707e+00 1.191623311686671016e+00 1.141181631146906295e+00
1.413952277730833096e+00 8.590130328107035140e-01 1.395685391173419276e+00
8.509831562477601086e-01 4.917662363852587371e-01 6.771643205556761025e-01
3.952912659750023039e-01 9.544604691828271203e-01 4.573405047160099546e-01
9.419252011820261616e-01 8.854336130677176175e-02 9.058796880431541076e-02
9.733475214702882461e-01 5.401791876445413143e-01 9.886214302593212544e-01
2.163598872599903356e-02 7.093369224823532493e-01 1.041764011770749399e-01
7.427371366878738890e-01 8.198024068930714892e-01 3.302533614748742741e-01
2.595677128747995166e-01 8.482623464793520585e-01 6.208440721988581767e-01
-1.619847103777886099e-01 -3.965488949052393131e-01 -6.302134129063668988e-01
-3.144167412670653139e-01 -6.581692356112119890e-01 -4.377736486666492510e-01
1.643660119610290682e-02 -5.315638188173196221e-01 -4.472800953873834473e-01
7.213885870708558468e-01 5.291035647409425557e-02 1.317346832081220942e-01
6.430348287604270574e-02 6.381649074613244821e-01 7.540627933197547872e-01
6.995742687244796976e-01 6.388399687540073923e-01 -6.549726732435789955e-01
6.733634896820619442e-01 -1.725249790150646945e-01 1.436233886254195902e+00
1.150496738077796177e+00 1.421627871552110678e+00 1.487118486902270220e+00
1.288018097978454790e+00 1.422062833408833216e+00 1.125152344952965233e+00
1.135482103657365460e+00 8.069595229418252691e-01 9.492099318372779759e-01
9.221032543146000515e-01 1.174761297732881182e+00 1.108901232191664032e+00
8.523346584663986647e-01 1.410702112203513492e+00 1.012841653703158817e+00
1.202672749244858563e+00 1.048102334193430352e+00 1.349358474482548198e+00
1.211850136331118266e+00 6.675783688979906039e-01 6.995752583312202511e-01
1.542369739103357507e-01 1.425809107482172156e-01 9.506433860312017980e-01
5.163838137719782839e-01 2.530057311159971123e-01 8.898296432414709578e-02
2.528015186902730083e-01 8.730972379329404731e-03 4.513028838713200042e-01
1.776378364176699476e-01 3.488257716094322891e-02 3.806757349434707338e-01
3.794292782166577283e-01 8.218898498814021236e-01 5.542802825917433340e-01
8.464321547792907907e-01 9.185686876675418500e-01 6.325448504874072730e-01
2.432954661545383424e-02 5.856407402203374080e-01 4.597617718320157199e-01
-2.529313942773758761e-02 3.668301156094713189e-01 -3.981398668471172186e-01
-5.868669966673600857e-01 -6.424333846805967418e-01 -2.146994940168545085e-01
-6.785428341572425914e-01 -4.975767762125745119e-01 -3.890179911225997711e-01
-4.350253591458989044e-01 7.895242173782039963e-01 5.574777724487334218e-01
2.884984085948851806e-01 -7.804211279002647439e-01 2.748906513442324062e-01
5.497525092770960686e-01 -1.357452547114824659e-01 1.473276572802616702e+00
1.166480187754820541e+00 1.122205592292054188e+00 8.037562023205044870e-01
9.644363826908248782e-01 1.484521577239706902e+00 1.479781738709731842e+00
8.712070378932129655e-01 9.177035747642831032e-01 1.431530880771901826e+00
1.489721948372598526e+00 9.704516888136245356e-01 1.226701493115249564e+00
9.490531499777266067e-01 1.278040180672479931e+00 1.245290222631610710e+00
1.146894122904799529e+00 1.350347697118497781e+00 8.679456805115826068e-01
1.115942672037401939e+00 7.403563075541814698e-01 6.601685657073663727e-01
7.782251527770046584e-01 5.899062154782486189e-02 7.733055631097297544e-01
9.758254288895957806e-01 6.740113227803278262e-01 3.564202500875682800e-01
2.787545906483339664e-01 7.118244870609944375e-01 6.401758518813207566e-01
9.314071815703313106e-01 8.428296166100077702e-01 6.433480565058111722e-01
1.233249792937163303e-02 6.377709331823017136e-01 3.486949568987443016e-01
9.880891959923475687e-01 9.092986926412730542e-01 6.361854474197452536e-01
-5.561449280219318281e-01 1.221490122941124579e-01 3.131328537425432934e-01
-3.842926404493447468e-01 1.373490004327327929e-01 6.466024281228646142e-01
3.906645896536777851e-01 -7.569926880333955888e-01 2.393820334390912574e-01
9.947486473115674244e-02 -4.205219495360434934e-02 -2.549138941611527320e-01
-4.891456521586292627e-01 -4.422198919736248235e-01 -5.754025984632351598e-01
6.675049067461982233e-01 -8.106839450782943324e-02 1.741690217097282556e-01
-1.511050376973042120e-01 7.430046630300102262e-01 9.013398329328995429e-01
1.210723830271996038e+00 8.814205200859119849e-01 1.101194039652316992e+00
8.058793911189934267e-01 1.499959186148065449e+00 1.001408658143270181e+00
1.333187376180957617e+00 1.061601393583012642e+00 1.403688356993555875e+00
1.405687089982103899e+00 9.731527755602618068e-01 8.384046131837635807e-01
1.174380066668083700e+00 1.020471035256473868e+00 1.094283972776324054e+00
1.352304851107700046e+00 9.187978349535320666e-01 9.872525085808399048e-01
1.172387347965730076e+00 4.564016648121438369e-02 8.576892589091402730e-01
2.046306167962826938e-01 2.091693735337771809e-01 6.952926449033851597e-01
7.561620538813008663e-01 8.978780683180204170e-01 4.753984659777370503e-01
2.769509203416511411e-01 2.510296905691884461e-01 9.396291080328735834e-01
7.675518285705584809e-01 7.706257774013886008e-01 5.204027846875550756e-01
7.085695216127128049e-01 8.487724287975525472e-01 2.466999720984268674e-01
5.804933176730432409e-01 3.063560374919498397e-01 4.839512857485526176e-01
-5.753152082767200026e-01 6.199399423379705620e-01 -5.519392700498036985e-01
5.180076583543102853e-01 -1.232221983842449742e-01 -2.601330553372364074e-01
3.687989061275098734e-04 7.927950354603099381e-01 -4.005228183627602689e-01
4.013448818337657098e-01 -7.196379055760151466e-01 -6.342351259110691197e-01
5.501166921793714248e-01 -5.392216873092339213e-01 1.538053758434188012e-03
-3.573516443146607102e-01 -5.206566308489253281e-01 3.929573224065117110e-01
-7.762450335247117472e-02 3.830239867458056224e-01 1.003677388591178277e+00
9.190375145731373152e-01 9.467861376656644401e-01 1.470990041816515159e+00
1.014294173392344289e+00 1.211445659862834701e+00 1.060329220556322616e+00
1.197739318135300879e+00 1.020395520469731254e+00 1.125435953516943144e+00
1.323759833578316281e+00 1.314915946144512571e+00 1.443995603444645948e+00
1.487545843672699375e+00 1.467350326302930386e+00 1.061383484994108617e+00
1.443279238790385666e+00 1.004232012149669506e+00 1.071554098446213743e+00
1.051977261539013719e+00 8.643372775617519377e-01 9.194537638194575369e-01
6.977244229792455288e-01 5.565426965311862650e-01 1.748098007712528545e-01
1.850408869831191572e-01 4.528135780811924915e-01 4.694985891644856135e-01
8.074160343550096375e-01 9.582744320672647032e-01 1.027239650027322870e-01
6.003519982984539816e-02 3.635817946306405535e-01 6.066537782400682755e-01
2.557081070616723517e-01 2.749535828008506932e-01 2.579360859930719396e-01
2.917212229318273398e-01 3.882617985298147945e-01 2.975767042529187112e-02
-7.070455023191102306e-01 2.498959367148698707e-01 6.123725321743387351e-01
2.412097320627109021e-01 1.156561984379653740e-01 -5.037150204361099393e-01
-4.252645382438080546e-03 -6.102092772348632899e-02 -7.982020583356471688e-01
-1.098061381028314631e-02 -1.860585892777842920e-01 -3.746894890348431151e-01
-2.418562459769946216e-01 -5.466066827831937980e-01 -8.690745655642651002e-02
9.268182196005059215e-02 -5.904547261049432061e-01 1.302342975199424213e-01
6.409612239005901824e-01 -4.924472571502457874e-01 1.494674757580103819e+00
9.380449859779182997e-01 1.042567393003889897e+00 1.227791510725101842e+00
1.249719000349043485e+00 1.070167391783409361e+00 8.868720666368624661e-01
1.248382915572763707e+00 1.029072976363786696e+00 1.096725157238124471e+00
8.729949289300973359e-01 8.375521587528328427e-01 1.309269802133710581e+00
1.033522612461118095e+00 9.929963047330139236e-01 1.401367222214485952e+00
8.064791334819479962e-01 1.484843626226662661e+00 1.390394778612502602e+00
1.337025028621571021e+00 2.333709763721700803e-01 5.757292909112231571e-01
9.310237651606279030e-01 4.591228040579587999e-01 6.870636853927314380e-01
2.575553394252290129e-01 4.158251309054694644e-01 9.073985183799353482e-01
3.392515544509656644e-01 1.591374297212732047e-01 6.120888743062447013e-02
5.348949255720638618e-01 6.981776734941390616e-01 6.014038834750512486e-02
2.407400897851019739e-02 7.029479250175418859e-02 4.077999426022287377e-01
6.844684955428204098e-02 5.086253977367048984e-01 2.045011919304617898e-01
-2.847996815712930951e-01 -1.995397645169398881e-01 7.698307306967691055e-01
1.756837825399468755e-01 4.468842604935450158e-01 -4.161016633075718119e-01
-5.816618762608305460e-01 -2.852359225355843853e-01 -3.970298255136395227e-02
-3.056072756073699992e-01 -1.794281877487486909e-01 3.156436106397302321e-01
2.363791985676819696e-01 -7.443271228414890528e-01 3.366622154364464770e-01
-3.406016196641203919e-02 -3.139865838419568789e-01 -1.966938476219073362e-01
6.044929906328875280e-01 3.085760953609379964e-01 1.197196119527604408e+00
8.767840878731648635e-01 8.503705814841262534e-01 1.274720094814618898e+00
1.249434050821200959e+00 1.397727830265859339e+00 9.572781145552966553e-01
1.190505042945654957e+00 1.105950000947141021e+00 8.185304489229682234e-01
1.048045967216663099e+00 1.471922632648095419e+00 1.311260329127179602e+00
1.224529307332522077e+00 1.195267788435142808e+00 8.184589175547983819e-01
1.179643315319272023e+00 1.099027278328586821e+00 8.058033028703024403e-01
1.367315327187001106e+00 8.455701691806616349e-02 2.188313308345256614e-01
2.095681307332766252e-01 8.897815649750479006e-01 4.014024743624439173e-01
2.766329743557838228e-03 4.396808752390568564e-03 5.451558946454306831e-01
1.915584902135980538e-01 7.464064607605221946e-01 4.876056674779205569e-02
6.862884586938692300e-01 5.016384051240424524e-01 3.224753855692295001e-01
6.067496049824034898e-01 9.320736984214119669e-01 6.868792354105787146e-01
4.240869210907823872e-01 4.865122533770382951e-01 8.227048373473184739e-01
-2.142693729355938936e-01 -3.542684869050261032e-01 -3.780416497734506720e-01
-3.086110486314173063e-01 2.809776119192852750e-01 -1.262493601548266842e-01
-6.060955783969323996e-01 -5.469228218228707750e-01 -4.603478985737192719e-01
-7.606429991223306875e-01 -4.296326997422451055e-01 3.011210124979626368e-01
6.768432776698678488e-01 -1.230501866085553786e-02 4.240701275183216268e-01
-7.909517839320727717e-01 4.515817256476759578e-01 3.781011068498156824e-01
1.653932984852269916e-01 1.554420968325344043e-01 1.023593242464760023e+00
1.228875354778262929e+00 1.356121659075145258e+00 1.363946825323046008e+00
1.428821930779616389e+00 8.453306920059987517e-01 1.274102795416673040e+00
9.280122604337591730e-01 9.632540055803963108e-01 1.194085767917954843e+00
1.251543100472561676e+00 1.426190644700842336e+00 1.458593936145950565e+00
1.139510902188438202e+00 1.214949176753291393e+00 8.781118966232152045e-01
1.477320937553785019e+00 1.031874576072757232e+00 1.150188458653941703e+00
9.081949217618806580e-01 8.655214461111420121e-01 8.550872963369319235e-01
5.454933937227832708e-01 4.182653182992024377e-01 6.945012774585889170e-01
7.584186888732544762e-01 7.866492847307748892e-02 4.088762303209223514e-01
1.957934392328546380e-01 6.065731586760556571e-01 1.818619631237572420e-01
2.186588874431685259e-01 3.162997412003353270e-01 8.035406451070148393e-01
9.145325017519390087e-01 2.899975884731239573e-01 2.635868079662840868e-01
8.572570343157513983e-01 3.980337275634092675e-01 8.400677011459026788e-01
2.047766591295463456e-03 -7.705257115322989847e-01 -5.317483012038790591e-01
-5.202222204757882551e-01 5.507161524297705668e-01 -2.561841408552701926e-01
7.814645787116818454e-01 5.285182200271143493e-01 6.111848133884603129e-01
2.406831784468941304e-01 1.867866020274998595e-01 7.194209205521808759e-01
-6.772546141327433489e-01 7.816566564115381421e-01 1.680950100571138028e-01
-7.916106482197327043e-02 7.075163940471205226e-01 1.897923725703891673e-01
-7.148887568876178822e-01 9.781406325711505811e-02 1.452149103868924929e+00
1.077369529624959910e+00 1.435839424143898535e+00 1.374075830604221338e+00
1.220504060260003909e+00 1.250828240041098383e+00 9.653559359702474918e-01
1.262079106837494136e+00 1.211843012940328812e+00 1.366992777160199735e+00
1.240669056717700114e+00 8.638484512546218408e-01 1.075029995090137191e+00
9.980468000387909822e-01 1.038663801064679593e+00 1.114858149709346824e+00
8.810093799604437059e-01 1.381197518754635478e+00 1.010026793448455473e+00
8.846216437451621672e-01 4.866172488176532251e-01 8.239491418108630949e-01
8.944607850981735053e-01 5.832870018936328060e-01 4.335949659407434265e-01
2.450188507896072787e-01 7.751296961129039431e-02 7.105105957083468482e-02
9.506709041533208948e-01 5.676721414031228319e-01 2.729608532791083508e-02
6.932684665329809093e-01 1.052008984608241438e-01 9.430361615656371876e-01
2.410683429901820940e-01 7.060589536844283920e-01 5.828576070236369810e-01
3.235598892945360516e-01 3.566232514301870271e-02 3.939943464758988156e-02
