1.770099361240506264e+00 3.000000000000000000e+00
4.294474595163714215e-01 3.000000000000000000e+00
1.459963787878181263e-01 4.000000000000000000e+00
4.234999185257846133e-01 1.000000000000000000e+00
3.471113165189409488e-01 1.000000000000000000e+00
8.845797959066178384e-01 4.000000000000000000e+00
1.808717926221799610e+00 3.000000000000000000e+00
1.480912428941846049e+00 3.000000000000000000e+00
5.842133786610849144e-01 3.000000000000000000e+00
6.554544591609251514e-01 2.000000000000000000e+00
5.092985166178299883e-01 1.000000000000000000e+00
1.232417084831402443e+00 3.000000000000000000e+00
1.799185033745639872e+00 3.000000000000000000e+00
8.366061970843230444e-01 3.000000000000000000e+00
1.375363366733700077e-01 1.000000000000000000e+00
9.091654140941671791e-01 5.000000000000000000e+00
1.751728872258604408e+00 3.000000000000000000e+00
1.405883423863083737e+00 1.000000000000000000e+00
1.580206041312537835e+00 3.000000000000000000e+00
5.389120002607515891e-01 3.000000000000000000e+00
