5.000000000000000000e+00 4.000000000000000000e+00 1.000000000000000000e+00 5.897029196095182613e-01 -4.445080838243128163e+00 3.279415491828448381e+00
2.000000000000000000e+00 4.000000000000000000e+00 0.000000000000000000e+00 2.239975539538363591e-03 -2.411555031684024186e+00 -2.933521647815942046e+00
1.000000000000000000e+00 2.000000000000000000e+00 5.000000000000000000e+00 -1.854994338178830304e+00 4.825845290704984691e+00 2.125923581257506356e+00
2.000000000000000000e+00 3.000000000000000000e+00 1.000000000000000000e+00 -3.096479818421165042e+00 -3.771621299446321629e+00 2.438180404675716062e+00
3.000000000000000000e+00 4.000000000000000000e+00 1.000000000000000000e+00 -6.529205953512153826e-01 4.100718683947429000e+00 9.180840669586407543e-01
4.000000000000000000e+00 0.000000000000000000e+00 3.000000000000000000e+00 -2.780105885444394076e+00 2.498373174692329002e+00 2.610180106995088067e+00
2.000000000000000000e+00 0.000000000000000000e+00 5.000000000000000000e+00 -4.216743687599283419e+00 -2.580874964450008413e+00 1.315237959724670169e+00
2.000000000000000000e+00 5.000000000000000000e+00 0.000000000000000000e+00 9.403719948547077934e-01 1.914056782798026823e+00 3.873252604527749554e+00
3.000000000000000000e+00 5.000000000000000000e+00 1.000000000000000000e+00 4.733191110144440827e+00 4.563427942931294723e+00 2.433439511847748093e-01
5.000000000000000000e+00 3.000000000000000000e+00 0.000000000000000000e+00 2.490190619409778705e+00 4.218344368911461473e+00 3.862930180123903767e+00
2.000000000000000000e+00 5.000000000000000000e+00 0.000000000000000000e+00 8.441387455354023572e-01 4.322712704346498569e-01 -2.519916304619625791e+00
5.000000000000000000e+00 2.000000000000000000e+00 4.000000000000000000e+00 -3.591549751888747366e+00 -4.043220883335606253e+00 4.151644867786906445e+00
5.000000000000000000e+00 1.000000000000000000e+00 0.000000000000000000e+00 -4.312025385405403810e+00 -4.891352005733367037e+00 -1.653708431088430686e+00
0.000000000000000000e+00 3.000000000000000000e+00 1.000000000000000000e+00 1.835924842673119173e+00 -4.153976642360657223e-01 -1.256702569565464334e+00
0.000000000000000000e+00 2.000000000000000000e+00 3.000000000000000000e+00 1.819684595657770743e+00 6.953872351094769755e-02 -5.325189543392401248e-01
3.000000000000000000e+00 0.000000000000000000e+00 4.000000000000000000e+00 -9.827168613031886935e-01 -1.794635154402915767e+00 -3.463911275583607896e+00
3.000000000000000000e+00 4.000000000000000000e+00 0.000000000000000000e+00 3.171083848059559784e+00 8.091331933744880800e-01 -8.672166833175491973e-01
2.000000000000000000e+00 0.000000000000000000e+00 5.000000000000000000e+00 -2.337931599648683800e-01 -2.183564671057551809e+00 7.084846995390314817e-02
3.000000000000000000e+00 0.000000000000000000e+00 4.000000000000000000e+00 1.878205070516686170e+00 -4.208826505877640400e+00 4.080659418715264053e+00
5.000000000000000000e+00 4.000000000000000000e+00 2.000000000000000000e+00 -1.989696452276342953e+00 -4.869101535545662607e+00 -3.686281609742890986e+00
